nbNodes: 22
nbDNodes: 1
nbArcs: 21

Arcs: [0 0 0 0 0 0 0 0 0 0 0 0 0 0 0 0 0 0 0 0 0 0
      1 0 0 0 0 0 0 0 0 0 0 0 0 0 0 0 0 0 0 0 0 0
      0 1 0 0 0 0 0 0 0 0 0 0 0 0 0 0 0 0 0 0 0 0
      1 0 0 0 0 0 0 0 0 0 0 0 0 0 0 0 0 0 0 0 0 0
      0 1 0 0 0 0 0 0 0 0 0 0 0 0 0 0 0 0 0 0 0 0
      0 0 1 0 0 0 0 0 0 0 0 0 0 0 0 0 0 0 0 0 0 0
      0 0 1 0 0 0 0 0 0 0 0 0 0 0 0 0 0 0 0 0 0 0
      0 1 0 0 0 0 0 0 0 0 0 0 0 0 0 0 0 0 0 0 0 0
      1 0 0 0 0 0 0 0 0 0 0 0 0 0 0 0 0 0 0 0 0 0
      0 0 0 0 1 0 0 0 0 0 0 0 0 0 0 0 0 0 0 0 0 0
      0 0 0 0 1 0 0 0 0 0 0 0 0 0 0 0 0 0 0 0 0 0
      0 0 0 0 1 0 0 0 0 0 0 0 0 0 0 0 0 0 0 0 0 0
      0 0 0 0 0 1 0 0 0 0 0 0 0 0 0 0 0 0 0 0 0 0
      0 0 0 0 0 1 0 0 0 0 0 0 0 0 0 0 0 0 0 0 0 0
      0 0 1 0 0 0 0 0 0 0 0 0 0 0 0 0 0 0 0 0 0 0
      0 0 0 0 0 0 1 0 0 0 0 0 0 0 0 0 0 0 0 0 0 0
      0 0 0 0 0 0 1 0 0 0 0 0 0 0 0 0 0 0 0 0 0 0
      0 0 0 0 0 0 1 0 0 0 0 0 0 0 0 0 0 0 0 0 0 0
      0 0 0 0 0 0 0 1 0 0 0 0 0 0 0 0 0 0 0 0 0 0
      0 0 0 0 0 0 0 1 0 0 0 0 0 0 0 0 0 0 0 0 0 0
      0 0 0 0 0 0 0 0 1 0 0 0 0 0 0 0 0 0 0 0 0 0
      0 0 0 0 0 0 0 0 1 0 0 0 0 0 0 0 0 0 0 0 0 0]

Demand_Nodes: [1 0 0 0 0 0 0 0 0 0 0 0 0 0 0 0 0 0 0 0 0 0] !The demand nodes

B: [0 0	0	0	0	0	0	0	0	0	0	0	0	0	0	0	0	0	0	0	0	0]
L: [4 8 5 10 7 16 6 10 7 6 9 8 19 15 15 8 9 9 7 12 11 35]
M: 52

phi: [0 0 0	0 0 0 0 0 0 0 0 0 0 0 0	0 0 0 0 0 0	0
      1 0 0 0 0 0 0 0 0 0 0 0 0 0 0 0 0 0 0 0 0 0
      0 1 0 0 0 0 0 0 0 0 0 0 0 0 0 0 0 0 0 0 0 0
      1 0 0 0 0 0 0 0 0 0 0 0 0 0 0 0 0 0 0 0 0 0
      0 1 0 0 0 0 0 0 0 0 0 0 0 0 0 0 0 0 0 0 0 0
      0 0 1 0 0 0 0 0 0 0 0 0 0 0 0 0 0 0 0 0 0 0
      0 0 1 0 0 0 0 0 0 0 0 0 0 0 0 0 0 0 0 0 0 0
      0 1 0 0 0 0 0 0 0 0 0 0 0 0 0 0 0 0 0 0 0 0
      1 0 0 0 0 0 0 0 0 0 0 0 0 0 0 0 0 0 0 0 0 0
      0 0 0 0 1 0 0 0 0 0 0 0 0 0 0 0 0 0 0 0 0 0
      0 0 0 0 1 0 0 0 0 0 0 0 0 0 0 0 0 0 0 0 0 0
      0 0 0 0 1 0 0 0 0 0 0 0 0 0 0 0 0 0 0 0 0 0
      0 0 0 0 0 1 0 0 0 0 0 0 0 0 0 0 0 0 0 0 0 0
      0 0 0 0 0 1 0 0 0 0 0 0 0 0 0 0 0 0 0 0 0 0
      0 0 1 0 0 0 0 0 0 0 0 0 0 0 0 0 0 0 0 0 0 0
      0 0 0 0 0 0 1 0 0 0 0 0 0 0 0 0 0 0 0 0 0 0
      0 0 0 0 0 0 1 0 0 0 0 0 0 0 0 0 0 0 0 0 0 0
      0 0 0 0 0 0 1 0 0 0 0 0 0 0 0 0 0 0 0 0 0 0
      0 0 0 0 0 0 0 1 0 0 0 0 0 0 0 0 0 0 0 0 0 0
      0 0 0 0 0 0 0 1 0 0 0 0 0 0 0 0 0 0 0 0 0 0
      0 0 0 0 0 0 0 0 1 0 0 0 0 0 0 0 0 0 0 0 0 0
      0 0 0 0 0 0 0 0 1 0 0 0 0 0 0 0 0 0 0 0 0 0]



demand: [6	0	0	0	0	0	0	0	0	0	0	0	0	0	0	0	0	0	0	0	0	0]
mu:     [5 0 0 0 0 0 0 0 0 0 0 0 0 0 0 0 0 0 0 0 0 0]
sd:     [3 0 0 0 0 0 0 0 0 0 0 0 0 0 0 0 0 0 0 0 0 0]

h: [72600 57335 28990 3000 7095 4305 9235 9250 4265 725 900 1150 605 2200 7450 3850 1550 155 4500 650 575 90]
s: [0 0 0 0 0 0 0 0 0 0 0 0 0 0 0 0 0 0 0 0 0 0]

L_downinc: [4 8 5 10 7 16 6 10 7 6 9 8 19 15 15 8 9 9 7 12 11 35]
L_uniform: [4 8 5 10 7 16 6 10 7 6 9 8 19 15 15 8 9 9 7 12 11 35]
L_downdec: [4 8 5 10 7 16 6 10 7 6 9 8 19 15 15 8 9 9 7 12 11 35]

h_downinc: [72600 57335 28990 3000 7095 4305 9235 9250 4265 725 900 1150 605 2200 7450 3850 1550 155 4500 650 575 90]
h_uniform: [72600 57335 28990 3000 7095 4305 9235 9250 4265 725 900 1150 605 2200 7450 3850 1550 155 4500 650 575 90]
h_downdec: [72600 57335 28990 3000 7095 4305 9235 9250 4265 725 900 1150 605 2200 7450 3850 1550 155 4500 650 575 90]